1322689872285622274
1322689872973484038
1322689947762044928
1322689949641199617
1322689989231206409
1322689997430943744
1322690002812166145
1322690008965369857
1322690069271072773
1322690081992237056
1322690121716666370
1322690179585445891
1322690192835186689
1322690277090512896
1322690335990931456
1322690437740519424
1322690540245143552
1322690588311867392
1322690597900017664
1322690637288873990
1322690663603826694
1322690677717692416
1322690726413570048
1322690762371297281
1322690828209369094
1322690851974250496
1322690946773909504
1322690972967444480
1322690991363674112
1322690991485186049
1322691045193211904
1322691105251598336
1322691110607740929
1322691138138959872
1322691198453116928
1322691223556136960
1322691313775464448
1322691364316798976
1322691486006288384
1322691490850742277
1322691562124369920
1322691610941943808
1322691656928342019
1322691672187305984
1322691678889668609
1322691696744931328
1322691753481248768
1322691801086521344
1322691830492790785
1322691876907028480
1322691887438786560
1322691959727759366
1322691986667663360
1322692026832424960
1322692078510379008
1322692102053134336
1322692130800726016
1322692169275215875
1322692212132618240
1322692303266279425
1322692326951514113
1322692386158374917
1322692424326696964
1322692483973865473
1322692500407021568
1322692521739374595
1322692560523988993
1322692597916250113
1322692695354040320
1322692750492487680
1322692805290983425
1322692814593994753
1322692846902677506
1322692852766240770
1322692912203837442
1322692925562658817
1322692961939853312
1322693016822276096
1322693240173301763
1322693276231626752
1322693279498973184
1322693421773934593
1322693435845828608
1322693495220367360
1322693625851965440
1322693641882673152
1322693682047275008
1322693753711153152
1322693760401039360
1322693902932054016
1322693907692417024
1322693981097000960
1322694097442795520
1322694160080498688
1322694275025367040
1322694287037882373
1322694338816536577
1322694383054082048
1322694383922237440
1322694391006334977
1322694478814085120
1322694480743419906
1322694494140223488
1322694548015902721
1322694615573557253
1322694671869435904
1322694846574960640
1322694848315445248
1322694927046774784
1322694939441008641
1322694991442026496
1322695006763671552
1322695014988865536
1322695025994698752
1322695048320839680
1322695056214601728
1322695233130450944
1322695430891802626
1322695443562848256
1322695544620388354
1322695564815978496
1322695759834292227
1322695816281284608
1322695885462118400
1322695969000067072
1322696128199073794
1322696128257667073
1322696128257789952
1322696185220575233
1322696215516073984
1322696341517119500
1322696360613847050
1322696411314442240
1322696427701633024
1322696483540520963
1322696485348253697
1322696528708931586
1322696606282469378
1322696623453925376
1322696721944596480
1322696961653428225
1322697049083695104
1322697126032322561
1322697186803593223
1322697254097063936
1322697309369462784
1322697431952302080
1322697459404021766
1322697527859335168
1322697678711627777
1322697736651767808
1322697792830263296
1322697899700969473
1322697910757302273
1322697929048641538
1322698167461138432
1322698298868686848
1322698332070957056
1322698396180877312
1322698411766910976
1322698614506926081
1322698615391838208
1322698734019375104
1322698776432250880
1322698785110265857
1322698843255906305
1322698924696678404
1322698940551225345
1322698956443406337
1322699043722715136
1322699076362772488
1322699097053286401
1322699257154031617
1322699481721294848
1322699538935685120
1322699551069872129
1322699560297373699
1322699663724609536
1322699766749450240
1322699795429953536
1322699837960118272
1322699841483476993
1322699884806328320
1322699914967699456
1322699922823618562
1322699942423629824
1322699997901549568
1322700064213684224
1322700115124097024
1322700118647332865
1322700255020773376
1322700404921163776
1322700646190034944
1322700804894150656
1322701117202063365
1322701192921780230
1322701196503769090
1322701327852433408
1322701349272850433
1322701360379342849
1322701523575431169
1322701681193373698
1322702006385979392
1322702132743688193
1322702201211428865
1322702213945446406
1322702220438183936
1322702229833306112
1322702323437703169
1322702371416428547
1322702428223926272
1322702628070051842
1322702639377907712
1322702663545442306
1322702665604722689
1322703028324044800
1322703175028219906
1322703448584970240
1322703630001008641
1322703685386948608
1322703760053993473
1322703840903221248
1322704004632219652
1322704223109263360
1322704275428892672
1322704280751661057
1322704341451575296
1322704362632843265
1322704419721543685
1322704569038786562
1322704610289766401
1322704958383415296
1322704989991698433
1322705006877880322
1322705032626774018
1322705047566897152
1322705118635139075
1322705199836864513
1322705267650404352
1322705315280965634
1322705563982114817
1322705692332085250
1322705806677041153
1322706167420735488
1322706185150234624
1322706378847408128
1322706407079043072
1322706498968059905
1322706591674556417
1322706726169268224
1322706812613906437
1322706831043485696
1322706933485342720
1322706943971151872
1322706947972468737
1322707028381323264
1322707093057540096
1322707121146798080
1322707131171307520
1322707289380425734
1322707306795143168
1322707315804508160
1322707470238863360
1322707676707520512
1322707708936622082
1322707827123752962
1322708065309765632
1322708254951051264
1322708280414797825
1322708392255901697
1322708411465801728
1322708674490650624
1322708705830412294
1322708720653053952
1322708770800259072
1322708807995240448
1322708860990332928
1322708863175565313
1322708884952211456
1322708890493083648
1322708899762491392
1322708986228056064
1322708993274384385
1322709010114555904
1322709149180973056
1322709199701377025
1322709243426967552
1322709433676386305
1322709678720122881
1322710147052044289
1322710341248311297
1322710376740458504
1322710405446307843
1322710418079580167
1322710780983345152
1322710854362570757
1322710953511673859
1322711012638887938
1322711186413101061
1322711246865633289
1322711252699766784
1322711263168892928
1322711271037427713
1322711461001646081
1322711493733994498
1322711576239955970
1322711592090300417
1322711685027737609
1322711690639745024
1322711697526792193
1322711848735498240
1322711855245262856
1322711994080874499
1322712032928362496
1322712088230461440
1322712113559863301
1322712318753517570
1322712355495677954
1322712379293986816
1322712404262821893
1322712452468006913
1322712498185904128
1322712791875158017
1322712825945640960
1322712908611149824
1322712959018217474
1322713027922300928
1322713028605976578
1322713283435048960
1322713284441739266
1322713318570643456
1322713408735764481
1322713460342444032
1322713476687712261
1322713510929817601
1322713660951687170
1322713683957587970
1322713713380597765
1322713735451070469
1322713752349925376
1322713874282369024
1322713881282809862
1322714148170616832
1322714215841296384
1322714272724619264
1322714388751650816
1322714408892715013
1322714507484028928
1322714556066635781
1322714689143537664
1322714810002206721
1322714830650761217
1322714933734350848
1322715000000012288
1322715033927823362
1322715049438269442
1322715050591707136
1322715063157985282
1322715078781624322
1322715188957597696
1322715290883547139
1322715495204851712
1322715573692764160
1322715590902120449
1322715596908187648
1322715630055825410
1322715653472686080
1322715678248488962
1322715701715546112
1322715765481574400
1322715784922173440
1322715858561630211
1322715934281371653
1322715942669946880
1322715949754130433
1322715993018298368
1322716134374858753
1322716136560119809
1322716181510455296
1322716357310312449
1322716371533340673
1322716401153515522
1322716779110715395
1322716816892960768
1322716849558163456
1322716865240641537
1322716963991412736
1322717226659508224
1322717252098027520
1322717404548521985
1322717484739276801
1322717518734086144
1322717627580514304
1322717643565006849
1322717720274632704
1322717876109848576
1322717987690979329
1322718227227500548
1322718232483139584
1322718343833378816
1322718375055798272
1322718435864940547
1322718450524000259
1322718574465720320
1322718646481768449
1322718690933178370
1322718813159329793
1322718829227745280
1322718835854635009
1322718877831335936
1322718920848117760
1322718950321344512
1322718977508954112
1322719005019394052
1322719020726956032
1322719029551865858
1322719114868260864
1322719200645943296
1322719337124417536
1322719346402144262
1322719358620033024
1322719391180558336
1322719546973847553
1322719588145078272
1322719691819929600
1322719824355774464
1322719963744927745
1322719996880048129
1322720022658052096
1322720031038472194
1322720122742726656
1322720443443281920
1322720546694537217
1322720595763699714
1322720617528020993
1322720837892386816
1322720851649769472
1322720941026217989
1322721118650880000
1322721132445863937
1322721148086284289
1322721528119635968
1322721574865219584
1322721596776304640
1322721655613845504
1322721691588505606
1322721707497578496
1322721753278291969
1322721777613742082
1322721803408691203
1322721854222684161
1322721932664541185
1322722086150938625
1322722118048645122
1322722209069207554
1322722301415215105
1322722364900204545
1322722493233332225
1322722503060586496
1322722519477006336
1322722570274107392
1322722733919272960
1322722807030140928
1322722862113980416
1322722895051849729
1322722897664888832
1322723072168906753
1322723101101248513
1322723110584541184
1322723219795836928
1322723333784428555
1322723456832647169
1322723481184686081
1322723495172886529
1322723598662987776
1322723718645256193
1322723726106992640
1322723794176380929
1322724082266349569
1322724142467207174
1322724207399227393
1322724243361193990
1322724250667618306
1322724411363987456
1322724418259353601
1322724483568979968
1322724578913853440
1322724598605967360
1322724621255380992
1322724697830793218
1322725012076433409
1322725034977300480
1322725075074908160
1322725144423469056
1322725193442316289
1322725195665285121
1322725196290293763
1322725235326558209
1322725386472595456
1322725440889458690
1322725547445755905
1322725560699678721
1322725573538549760
1322725597584478208
1322725618237296640
1322725706032246784
1322725760323432448
1322725764136132613
1322725808730001414
1322725874815455239
1322725907019177984
1322725923733540864
1322725928305307652
1322725942809317376
1322725995925962752
1322726020361891841
1322726033167142913
1322726058425274368
1322726088511049728
1322726183037972480
1322726185063849988
1322726244677541889
1322726251136716802
1322726293805346818
1322726463246725121
1322726656948142080
1322726658382639115
1322726706025766915
1322726856681021440
1322726973735464960
1322727117843554311
1322727308302651392
1322727334688907264
1322727542223040512
1322727918070476800
1322727963943669760
1322728017492410368
1322728066863427585
1322728068495134720
1322728157347221504
1322728195360231426
1322728283440476162
1322728290252025857
1322728328495849473
1322728405385703424
1322728446393569285
1322728532657598464
1322728622503849984
1322728791626506241
1322728811574693889
1322728958253813763
1322728964708659200
1322729004298838016
1322729072552775682
1322729119990255617
1322729259966754823
1322729270934933505
1322729364765634561
1322729391575556096
1322729515076956160
1322729529228423174
1322729618957357057
1322729641912795137
1322729727325601794
1322729848029224962
1322729866438103042
1322729877825593350
1322729914269917184
1322730001842597893
1322730008184573953
1322730023611191298
1322730043433345025
1322730063780073472
1322730368164909056
1322730414310641664
1322730484774834177
1322730505608056832
1322730606996951043
1322730815436910592
1322730923012448256
1322731059063201792
1322731065694429185
1322731148469063680
1322731148515057664
1322731205708685324
1322731241246896128
1322731245499904000
1322731312508264450
1322731591869829122
1322731625088778240
1322731626917433349
1322731631375912960
1322731693976018944
1322731883843612672
1322732010536726528
1322732091835064323
1322732099124809728
1322732209816571905
1322732225214009357
1322732240770486272
1322732241051656192
1322732494614122496
1322732523441451008
1322732654119342080
1322732747790688257
1322732852761550848
1322732954083336194
1322733001600622593
1322733209738686465
1322733230370381825
1322733369311059968
1322733686895226880
1322733722903347200
1322733845347737600
1322733911844118529
1322733915380031488
1322733969855684608
1322734085727383553
1322734283551887360
1322734407879413760
1322734427957424128
1322734482936500224
1322734581334695938
1322734669733990405
1322734793117868036
1322734805327360000
1322734820078854153
1322734953151553541
1322734966271176705
1322735070898229248
1322735138833375232
1322735223147274241
1322735304361594880
1322735379846434817
1322735384367955974
1322735409647013888
1322735468333641730
1322735477754048512
1322735538911252480
1322735650148282368
1322735657102372865
1322735977673248769
1322736015593803776
1322736040923275265
1322736044958048258
1322736254849601536
1322736314727325696
1322736352606134272
1322736512845361155
1322736556315082752
1322736577827786752
1322736760938442752
1322736788494905345
1322737052677332992
1322737065604321280
1322737312808103939
1322737591498674176
1322737607730671616
1322737771778248704
1322737903185891329
1322738007749939202
1322738033964290053
1322738164520247296
1322738283118473216
1322738367465967617
1322738379293925376
1322738405906751489
1322738748304642048
1322738811877552128
1322738814595584002
1322738902017417221
1322739031063646208
1322739058557202432
1322739147790983171
1322739182461100032
1322739588604055553
1322739629733367808
1322739724499488768
1322740295235260418
1322740360154669057
1322740481139318785
1322740603419942912
1322740614753144834
1322740630439759874
1322740643874091011
1322740675696353281
1322740891698778113
1322741127561256960
1322741325721120768
1322741416724869120
1322741606169137152
1322741644874186752
1322741795139235850
1322741800855986181
1322741962047279105
1322742088652398593
1322742215857360897
1322742285390499840
1322742610042171393
1322742615360622592
1322742832902238214
1322742860106637314
1322742974153924608
1322743008865984512
1322743059621257216
1322743379604738048
1322743597364580352
1322743614355722240
1322743815283699712
1322744219614781442
1322744342834982912
1322744679675301892
1322744920558473216
1322744985117052929
1322745006990393346
1322745210686918656
1322745218685435904
1322745313405198339
1322745393457758210
1322745495190732800
1322745711235108864
1322745853681954816
1322746472706703361
1322746550444064774
1322746600372854784
1322746625585041409
1322746663451185152
1322746691531862016
1322746793860497408
1322746882595057668
1322746922445266944
1322746946914668548
1322747009422548994
1322747034483392517
1322747056490991618
1322747208857382912
1322747297621594112
1322747324670472192
1322747357151305730
1322747409068249088
1322747475094986754
1322747510482472966
1322747520817098752
1322747843736707072
1322747883163209729
1322747977245597698
1322747992881926145
1322748018316238848
1322748070124085248
1322748071873191936
1322748093272608770
1322748107625385984
1322748525311107074
1322748627639558146
1322748723240185856
1322748835454611457
1322749112614375425
1322749198765273088
1322749329153708033
1322749343149875200
1322749354487259136
1322749362544390145
1322749847238266880
1322750009763397632
1322750013928312832
1322750128202129408
1322750441688457216
1322750558776651777
1322750688137420800
1322750826914467840
